AED	Agra_rnd1.maker.output/Agra_rnd1.all.maker.gff
0.000	0.007
0.025	0.028
0.050	0.053
0.075	0.071
0.100	0.101
0.125	0.123
0.150	0.155
0.175	0.179
0.200	0.214
0.225	0.239
0.250	0.277
0.275	0.304
0.300	0.352
0.325	0.387
0.350	0.446
0.375	0.493
0.400	0.579
0.425	0.647
0.450	0.770
0.475	0.862
0.500	0.958
0.525	0.967
0.550	0.977
0.575	0.982
0.600	0.987
0.625	0.990
0.650	0.993
0.675	0.994
0.700	0.996
0.725	0.997
0.750	0.998
0.775	0.998
0.800	0.999
0.825	0.999
0.850	0.999
0.875	1.000
0.900	1.000
0.925	1.000
0.950	1.000
0.975	1.000
1.000	1.000
