AED	Agra_rnd2.maker.output/Agra_rnd2.all.maker.gff
0.000	0.018
0.025	0.053
0.050	0.102
0.075	0.138
0.100	0.203
0.125	0.250
0.150	0.325
0.175	0.373
0.200	0.441
0.225	0.484
0.250	0.545
0.275	0.583
0.300	0.634
0.325	0.665
0.350	0.709
0.375	0.737
0.400	0.775
0.425	0.799
0.450	0.831
0.475	0.851
0.500	0.874
0.525	0.885
0.550	0.899
0.575	0.908
0.600	0.920
0.625	0.927
0.650	0.937
0.675	0.943
0.700	0.952
0.725	0.957
0.750	0.965
0.775	0.969
0.800	0.976
0.825	0.980
0.850	0.985
0.875	0.988
0.900	0.992
0.925	0.994
0.950	0.997
0.975	0.999
1.000	1.000
